4 ; 
8 ; 
13 ; 
27 ; 
52 ; 
69 ; 
83 ; 
104 ; 
110 111 112 113 114 115 116 ; 
122 123 124 125 126 ; 
179 ; 
197 198 199 200 201 202 203 204 205 206 207 208 209 ; 
259 260 261 262 263 264 265 266 ; 
275 276 277 ; 
290 291 ; 
301 302 303 304 ; 
326 327 328 329 330 ; 
349 350 351 352 ; 
359 ; 
365 ; 
383 ; 
4 ; 
8 ; 
13 ; 
27 ; 
52 ; 
69 ; 
83 ; 
104 ; 
110 111 112 113 114 115 116 ; 
122 123 124 125 126 ; 
179 ; 
197 198 199 200 201 202 203 204 205 206 207 208 209 ; 
259 260 261 262 263 264 265 266 ; 
275 276 277 ; 
290 291 ; 
301 302 303 304 ; 
326 327 328 329 330 ; 
349 350 351 352 ; 
359 ; 
365 ; 
383 ; 
