1 ; 
5 ; 
10 ; 
15 16 17 18 19 20 21 22 23 ; 
45 46 47 48 49 50 ; 
53 ; 
71 72 73 74 75 76 77 78 79 80 ; 
86 87 88 89 90 91 92 93 94 95 96 97 98 ; 
105 106 107 108 109 ; 
127 128 129 130 131 132 133 134 135 136 137 138 139 140 141 142 ; 
156 157 158 159 160 ; 
181 182 183 184 185 186 187 188 189 190 191 192 ; 
233 234 235 236 237 238 239 240 241 242 243 ; 
267 268 269 ; 
278 279 280 ; 
286 287 288 289 ; 
297 298 299 300 ; 
305 306 307 ; 
324 325 ; 
331 332 333 334 335 336 337 338 339 340 341 ; 
347 348 ; 
360 ; 
362 ; 
367 ; 
371 372 373 374 ; 
381 ; 
